57,5
3,2
3,1
3,3
10,30
10,142
10,288
10,290
10,132
10,182
10,88
10,2
10,3
9,7
9,4
9,1
9,6
9,2
9,3
8,12
8,6
8,4
8,16
8,2
80,3
80,2
80,1
80,0
59,5
59,4
59,3
59,2
59,1
59,0
58,4
58,3
58,1
57,7
57,6
57,4
57,3
57,1
56,4
56,3
56,1
55,4
55,3
55,2
55,1
50,3
50,1
47,3
47,1
20,3
20,2
20,1
19,3
19,2
19,1
18,3
18,1
14,3
14,1
13,1
12,3
13,3
12,2
12,1
11,28
11,27
11,26
11,25
11,24
11,23
11,22
11,21
11,20
11,19
11,18
11,17
11,16
11,15
11,14
11,13
11,12
11,11
11,10
11,9
11,8
11,7
11,6
11,5
11,4
11,3
11,2
11,1
10,303
10,302
10,301
10,300
10,297
10,296
10,295
10,293
10,291
10,279
10,261
10,257
10,233
10,229
